COUNT: 12624
MEAN: 249.77622
MEDIAN: 249.0
MOD: 94.0
SD: 145.323606
VARIANCE: 21118.950394
