COUNT: 12624
MEAN: 149.002673
MEDIAN: 147.75
MOD: 123.75
SD: 130.419585
VARIANCE: 17009.268219
