COUNT: 1977
MEAN: 250.784016
MEDIAN: 247.0
MOD: 230.0
SD: 144.207795
VARIANCE: 20795.888044
