COUNT: 12769
MEAN: 2.4742863484571048e+20
MEDIAN: 2.46611679700463e+20
MOD: 0
SD: 1.4463314503905518e+20
VARIANCE: 2.0918746643888373e+40
