COUNT: 400
MEAN: 242.32
MEDIAN: 239.5
MOD: 393.0
SD: 145.440021
VARIANCE: 21152.799599
