COUNT: 311
MEAN: 238.389068
MEDIAN: 240.0
MOD: 0
SD: 147.302694
VARIANCE: 21698.083622
