COUNT: 3000
MEAN: 1.8790659927977443e+20
MEDIAN: 1.88008049965543e+20
MOD: 3.74846462174395e+20
SD: 1.0739995165766761e+20
VARIANCE: 1.153474961606934e+40
